1 11067
2 72077
3 27363
4 73328
5 44855
6 63678
7 30633
8 48546
9 20074
10 48806
11 04852
12 23665
13 05202
14 24115
15 70161
16 52517
17 61421
18 36475
19 55288
20 27726
21 46648
22 02604
23 21417
24 76462
25 58000
26 77813
27 58350
28 15315
29 34227
30 53031
31 18086
32 80523
33 18446
34 27250
35 00786
36 28500
37 74555
38 56102
39 75015
40 04727
41 50773
42 32311
43 51133
44 16188
45 35002
46 06538
47 53584
48 72307
49 53844
50 72657
51 37712
52 73107
53 02821
54 57875
55 76788
56 11174
57 83521
58 48676
59 67480
60 86202
61 58730
62 24784
63 43617
64 52421
65 34057
66 53761
67 34318
68 80363
69 18276
70 37080
71 84044
72 65572
73 84404
74 40450
75 68263
76 31700
77 50513
78 15568
79 87115
80 16028
81 62074
82 81786
83 63324
84 28378
85 47102
86 66015
87 38542
88 04507
89 23311
90 84857
91 13661
92 32574
93 14111
94 33834
95 67228
96 86132
97 68570
98 87482
99 43447
100 62251
101 34787
102 00743
103 18666
104 37478
105 10016
106 65061
107 84774
108 65322
109 84234
110 41280
111 60003
112 41530
113 06585
114 25318
115 44221
116 01276
117 62713
118 81526
119 63164
120 28128
121 47032
122 66745
123 48372
124 67105
125 23151
126 42063
127 07028
128 70555
129 14851
130 60816
131 88628
132 45674
133 63587
134 45124
135 01170
136 20803
137 48715
138 05761
139 76207
140 05121
141 67658
142 86461
143 15374
144 86712
145 15634
146 62680
147 81402
148 46457
149 27085
150 46817
151 03863
152 74301
153 83213
154 12026
155 77072
156 40528
157 68432
158 87244
159 60772
160 25737
161 44550
162 15187
163 34001
164 53713
165 35351
166 81316
167 10128
168 38032
169 11560
170 30382
171 01820
172 20632
173 48545
174 21083
175 40805
176 68618
177 31246
178 50168
179 15124
180 86552
181 43616
182 62420
183 81232
184 62770
185 27735
186 46647
187 65451
188 47088
189 56711
190 22866
191 84304
192 13216
193 32020
194 87074
195 60522
196 88335
197 44480
198 63203
199 28258
200 01785
201 20518
202 81146
203 57101
204 76014
205 05726
206 51772
207 22320
208 88374
209 07287
210 26001
211 07537
212 53583
213 72315
214 54843
215 73656
216 02568
217 57524 
218 30162
219 48874
220 67787
221 48225
222 05370
223 24103
224 70157
225 52685
226 70408
227 36453
228 55366
229 36814
230 83868
231 12672
232 31585
233 02022
234 67077
235 76800
236 58437
237 14483
238 06153
239 78501
240 07414
241 53468
242 72272
243 37237
244 62632
245 28687
246 00124
247 28037
248 74083
249 03715
250 75343


